   7.00000000       0.00000000    
   7.05000019       0.00000000    
   7.09999990       0.00000000    
   7.15000010       0.00000000    
   7.19999981       0.00000000    
   7.25000000       0.00000000    
   7.30000019       24.0000000    
   7.34999990       78.0000000    
   7.40000010       140.000000    
   7.44999981       205.000000    
   7.50000000       284.000000    
   7.55000019       470.000000    
   7.59999990       990.000000    
   7.65000010       1700.00000    
   7.69999981       1143.00000    
   7.75000000       476.000000    
   7.80000019       197.000000    
   7.84999990       107.000000    
   7.90000010       60.0000000    
   7.94999981       47.0000000    
   8.00000000       37.0000000    
   8.05000019       39.0000000    
   8.10000038       46.0000000    
   8.14999962       41.0000000    
   8.19999981       45.0000000    
   8.25000000       41.0000000    
   8.30000019       58.0000000    
   8.35000038       64.0000000    
   8.39999962       60.0000000    
   8.44999981       64.0000000    
   8.50000000       75.0000000    
   8.55000019       59.0000000    
   8.60000038       75.0000000    
   8.64999962       58.0000000    
   8.69999981       81.0000000    
   8.75000000       66.0000000    
   8.80000019       62.0000000    
   8.85000038       66.0000000    
   8.89999962       73.0000000    
   8.94999981       77.0000000    
   9.00000000       61.0000000    
   9.05000019       72.0000000    
   9.10000038       79.0000000    
   9.14999962       75.0000000    
   9.19999981       80.0000000    
   9.25000000       118.000000    
   9.30000019       144.000000    
   9.35000038       218.000000    
   9.39999962       321.000000    
   9.44999981       446.000000    
   9.50000000       627.000000    
   9.55000019       745.000000    
   9.60000038       819.000000    
   9.64999962       875.000000    
   9.69999981       807.000000    
   9.75000000       600.000000    
   9.80000019       444.000000    
   9.85000038       411.000000    
   9.89999962       286.000000    
   9.94999981       197.000000    
   10.0000000       166.000000    
   10.0500002       120.000000    
   10.1000004       97.0000000    
   10.1499996       87.0000000    
   10.1999998       60.0000000    
   10.2500000       54.0000000    
   10.3000002       60.0000000    
   10.3500004       57.0000000    
   10.3999996       46.0000000    
   10.4499998       42.0000000    
   10.5000000       31.0000000    
   10.5500002       51.0000000    
   10.6000004       39.0000000    
   10.6499996       36.0000000    
   10.6999998       37.0000000    
   10.7500000       24.0000000    
   10.8000002       31.0000000    
   10.8500004       31.0000000    
   10.8999996       27.0000000    
   10.9499998       21.0000000    
   11.0000000       26.0000000    
   11.0500002       25.0000000    
   11.1000004       22.0000000    
   11.1499996       19.0000000    
   11.2000008       12.0000000    
   11.2500000       18.0000000    
   11.3000002       14.0000000    
   11.3500004       10.0000000    
   11.3999996       14.0000000    
   11.4500008       13.0000000    
   11.5000000       13.0000000    
   11.5500002       7.00000000    
   11.6000004       9.00000000    
   11.6499996       7.00000000    
   11.7000008       14.0000000    
   11.7500000       9.00000000    
   11.8000002       10.0000000    
   11.8500004       9.00000000    
   11.8999996       5.00000000    
   11.9500008       6.00000000    
   12.0000000       11.0000000    
